Time Dipole
0.10974 0.00063588
1.6425 0.00083297
3.3379 0.00076979
4.9909 0.00078408
6.6647 0.00074127
8.3315 0.0006431
9.9969 0.0002032
11.663 -0.0020314
13.336 -0.0033513
14.997 -0.0035809
16.665 -0.0037816
18.337 -0.0029259
19.997 -0.0023182
21.666 -0.0022586
23.337 -0.0010981
24.997 0.00029545
26.666 0.0014031
28.338 0.0025039
29.996 0.0031794
31.666 0.00334
33.338 0.0029799
34.995 0.0025351
36.667 0.0018696
38.338 0.0010503
39.995 0.00011745
41.667 -0.00082476
43.339 -0.0015753
44.994 -0.0020242
46.667 -0.0022104
48.339 -0.0021689
49.993 -0.0019447
51.668 -0.001591
53.339 -0.0011576
54.993 -0.00070551
56.668 -0.00041696
58.34 -0.00051137
59.992 -0.00093222
61.668 -0.0014744
63.34 -0.0020962
64.991 -0.0027864
66.669 -0.0034172
68.34 -0.0038891
69.991 -0.0041977
71.669 -0.0043666
73.341 -0.0044426
74.99 -0.0045661
76.67 -0.004866
78.341 -0.0052932
79.989 -0.0057039
81.67 -0.0060189
83.341 -0.0061182
84.989 -0.0059719
86.67 -0.0057248
88.342 -0.0054689
89.988 -0.0052996
91.671 -0.0053324
93.342 -0.0054969
94.987 -0.0055685
96.671 -0.0054733
98.342 -0.0052966
99.987 -0.0051255
101.67 -0.0049609
103.34 -0.004652
104.99 -0.0041525
106.67 -0.003653
108.34 -0.0033224
109.99 -0.0031497
111.67 -0.0030606
113.34 -0.003003
114.98 -0.0029457
116.67 -0.0027896
118.34 -0.0024086
119.98 -0.0018439
121.67 -0.0013241
123.34 -0.00097637
124.98 -0.00069939
126.67 -0.00044083
128.34 -0.00025827
129.98 -0.00015375
131.67 -3.4673e-05
133.34 0.00017703
134.98 0.00052315
136.67 0.0010567
138.34 0.0016879
139.98 0.0021531
141.67 0.0023686
143.35 0.0025122
144.98 0.0027541
146.67 0.003095
148.35 0.0033657
149.98 0.0034328
151.67 0.0033487
153.35 0.0032274
154.98 0.0031273
156.67 0.0030796
158.35 0.0030936
159.98 0.003133
161.68 0.0031533
163.35 0.0031274
164.98 0.003056
166.68 0.0029134
168.35 0.0027353
169.98 0.0026074
171.68 0.0024649
173.35 0.0022308
174.98 0.0019424
176.68 0.0015954
178.35 0.0011884
179.98 0.00080263
181.68 0.00053841
183.35 0.00044627
184.98 0.00050244
186.68 0.00059776
188.35 0.00060602
189.97 0.00051186
191.68 0.00040815
193.35 0.00039463
194.97 0.00050086
196.68 0.00065966
198.35 0.0007776
199.97 0.00091291
201.68 0.0011101
203.35 0.0012906
204.97 0.0014528
206.68 0.0016525
208.35 0.0018512
209.97 0.0019612
211.68 0.0019737
213.35 0.0020411
214.97 0.0022918
216.68 0.0026407
218.35 0.0029652
219.97 0.0032793
221.68 0.0035704
223.35 0.0037867
224.97 0.0039493
226.68 0.0041077
228.35 0.004226
229.97 0.0041989
231.68 0.0040363
233.35 0.0038836
234.97 0.0038633
236.68 0.0039015
238.35 0.0039101
239.97 0.0039355
241.68 0.0039965
243.35 0.0040313
244.97 0.0039832
246.68 0.003837
248.35 0.0036679
249.97 0.0035941
251.68 0.003628
253.35 0.0036313
254.97 0.0034843
256.68 0.003275
258.35 0.0031409
259.96 0.0031365
261.68 0.0032325
263.35 0.0033377
264.96 0.0033278
266.68 0.0031252
268.35 0.002795
269.96 0.0025181
271.68 0.0024854
273.35 0.0026849
274.96 0.0028551
276.68 0.0027678
278.35 0.0024663
279.96 0.0021831
281.68 0.0020446
283.35 0.0020074
284.96 0.0020034
286.68 0.0020008
288.36 0.0019906
289.96 0.0020121
291.68 0.0020239
293.36 0.0019588
294.96 0.0019338
296.68 0.0020514
298.36 0.0022108
299.96 0.0022327
301.68 0.0020341
303.36 0.0017507
304.96 0.0016387
306.69 0.0017122
308.36 0.0018234
309.96 0.0018901
311.69 0.0018446
313.36 0.0017132
314.96 0.001646
316.69 0.0016808
318.36 0.0016919
319.96 0.0016275
321.69 0.0015435
323.36 0.0014885
324.96 0.0014962
326.69 0.001576
328.36 0.0016285
329.96 0.0015823
331.69 0.0015215
333.36 0.0015553
334.95 0.0016331
336.69 0.0015877
338.36 0.0014066
339.95 0.0012038
341.69 0.0010028
343.36 0.00082093
344.95 0.00075748
346.69 0.00081848
348.36 0.0009063
349.95 0.00093264
351.69 0.00084445
353.36 0.00071855
354.95 0.0006634
356.69 0.00068889
358.36 0.00069039
359.95 0.00052825
361.69 0.00032871
363.36 0.00035166
364.95 0.00056004
366.69 0.00070245
368.36 0.00067
369.95 0.00056219
371.69 0.00050238
373.36 0.00057053
374.95 0.00069426
376.69 0.00064173
378.36 0.00045134
379.95 0.00044242
381.69 0.0007124
383.36 0.0010148
384.95 0.0010487
386.69 0.00077253
388.36 0.00045278
389.95 0.00033852
391.69 0.00039996
393.36 0.00052114
394.95 0.00062498
396.69 0.00068087
398.36 0.00076155
399.95 0.00092508
401.69 0.0010997
403.36 0.001268
404.95 0.0014979
406.69 0.001739
408.36 0.0018151
409.94 0.0016851
411.69 0.0015671
413.36 0.0016236
414.94 0.0017818
416.69 0.001886
418.36 0.0018702
419.94 0.0017783
421.69 0.0016865
423.36 0.001655
424.94 0.001693
426.69 0.0017996
428.36 0.0019513
429.94 0.0020469
431.69 0.0020131
433.36 0.001897
434.94 0.0017915
436.69 0.0017419
438.37 0.0017422
439.94 0.0017522
441.69 0.0017933
443.37 0.0018488
444.94 0.0018627
446.69 0.0018551
448.37 0.0018533
449.94 0.0018296
451.69 0.0016884
453.37 0.0015686
454.94 0.0016707
456.7 0.0018824
458.37 0.0020276
459.94 0.0020571
461.7 0.0020204
463.37 0.0019976
464.94 0.0019879
466.7 0.0019375
468.37 0.0018551
469.94 0.0017876
471.7 0.001678
473.37 0.0014442
474.94 0.001176
476.7 0.0010112
478.37 0.00093046
479.94 0.0008323
481.7 0.00073734
483.37 0.00066678
485.48 0.00057003
486.13 0.00045991
489.86 0.00034064
487.79 0.00022397
495.63 0.00011226
487.65 8.0497e-06
504.23 -0.00016591
481.98 -0.00031381
527.13 -0.00059183
399.95 -0.00056415
